0.0 0.0
11.11111111111111 0.07273955637467235
22.22222222222222 0.47869072753893954
33.33333333333333 1.4411881572667662
44.44444444444444 3.150209102891184
55.55555555555556 5.777874567543989
66.66666666666666 9.484294954577795
77.77777777777777 14.420665179824335
88.88888888888889 20.731166953993718
100.0 28.554247622125864
0.0 0.0
11.11111111111111 1.7110732888665943
22.22222222222222 11.26037823630713
33.33333333333333 33.90147923680047
44.44444444444444 74.10326538887666
55.55555555555556 135.91458804096501
66.66666666666666 223.10176978424514
77.77777777777777 339.22141165927803
88.88888888888889 487.6651410863415
100.0 671.6896943698482
0.0 0.0
1.0101010101010102 0.002526212032214871
2.0202020202020203 0.016624713373143755
3.0303030303030303 0.050051815614874685
4.040404040404041 0.10940534334201002
5.050505050505051 0.20066298147290115
6.0606060606060606 0.32938529220494084
7.070707070707071 0.5008232068693085
8.080808080808081 0.7199840913419394
9.090909090909092 0.9916761595617054
10.101010101010102 1.3205402036909035
11.111111111111112 1.711073288866595
12.121212121212121 2.1676470551188394
13.131313131313131 2.6945222357746976
14.141414141414142 3.295860426062902
15.151515151515152 3.9757337948418057
16.161616161616163 4.738133220467936
17.171717171717173 5.586975194629684
18.181818181818183 6.526107746086079
19.191919191919194 7.559315572907492
20.202020202020204 8.69032452704542
21.212121212121215 9.92280556272038
22.222222222222225 11.260378236307135
23.232323232323235 12.706613827564945
24.242424242424242 14.265038138502819
25.252525252525253 15.939134015718668
26.262626262626263 17.732343633895994
27.272727272727273 19.648070571705567
28.282828282828284 21.689681706227706
29.292929292929294 23.860508947881094
30.303030303030305 26.16385083449095
31.313131313131315 28.60297400038633
32.323232323232325 31.181114534154062
33.333333333333336 33.90147923680048
34.343434343434346 36.7672467905031
35.35353535353536 39.78156884681762
36.36363636363637 42.94757104209141
37.37373737373738 46.26835394688939
38.38383838383839 49.74699395543052
39.3939393939394 53.38654412034086
40.40404040404041 57.19003493743263
41.41414141414142 61.16047508470345
42.42424242424243 65.30085211930124
43.43434343434344 69.61413313581087
44.44444444444445 74.1032653888767
45.45454545454546 78.77117688287636
46.46464646464647 83.62077693109674
47.47474747474748 88.65495668663105
48.484848484848484 93.87658964700955
49.494949494949495 99.28853213439368
50.505050505050505 104.89362375300018
51.515151515151516 110.69468782527693
52.525252525252526 116.69453180822194
53.535353535353536 122.89594769112023
54.54545454545455 129.30171237586865
55.55555555555556 135.91458804096501
56.56565656565657 142.73732249015157
57.57575757575758 149.77264948662662
58.58585858585859 157.02328907366842
59.5959595959596 164.4919478824524
60.60606060606061 172.18131942778402
61.61616161616162 180.09408439241886
62.62626262626263 188.23291090059217
63.63636363636364 196.6004547813386
64.64646464646465 205.19935982213974
65.65656565656566 214.0322580134037
66.66666666666667 223.1017697842452
67.67676767676768 232.41050423000544
68.68686868686869 241.96105933192047
69.6969696969697 251.75602216932307
70.70707070707071 261.79796912473705
71.71717171717172 272.08946608220225
72.72727272727273 282.6330686191463
73.73737373737374 293.43132219210065
74.74747474747475 304.4867623165431
75.75757575757576 315.80191474112627
76.76767676767678 327.37929561654585
77.77777777777779 339.2214116592782
78.7878787878788 351.3307603104113
79.7979797979798 363.7098298897754
80.80808080808082 376.3610997455758
81.81818181818183 389.2870403997054
82.82828282828284 402.4901136889255
83.83838383838385 415.97277290206995
84.84848484848486 429.7374629134424
85.85858585858587 443.78662031254913
86.86868686868688 458.1226735303142
87.87878787878789 472.74804296191087
88.8888888888889 487.6651410863418
89.89898989898991 502.8763725828825
90.90909090909092 518.3841344445157
91.91919191919193 534.1908160884578
92.92929292929294 550.298799463889
93.93939393939395 566.7104591569855
94.94949494949496 583.4281624933508
95.95959595959597 600.4542696379369
96.96969696969697 617.7911336925431
97.97979797979798 635.441100790979
98.98989898989899 653.4065101919639
100.0 671.6896943698482
0.0 0.0
1.0101010101010102 0.002526212032214871
2.0202020202020203 0.016624713373143755
3.0303030303030303 0.050051815614874685
4.040404040404041 0.10940534334201002
5.050505050505051 0.20066298147290115
6.0606060606060606 0.32938529220494084
7.070707070707071 0.5008232068693085
8.080808080808081 0.7199840913419394
9.090909090909092 0.9916761595617054
10.101010101010102 1.3205402036909035
11.111111111111112 1.711073288866595
12.121212121212121 2.1676470551188394
13.131313131313131 2.6945222357746976
14.141414141414142 3.295860426062902
15.151515151515152 3.9757337948418057
16.161616161616163 4.738133220467936
17.171717171717173 5.586975194629684
18.181818181818183 6.526107746086079
19.191919191919194 7.559315572907492
20.202020202020204 8.69032452704542
21.212121212121215 9.92280556272038
22.222222222222225 11.260378236307135
23.232323232323235 12.706613827564945
24.242424242424242 14.265038138502819
25.252525252525253 15.939134015718668
26.262626262626263 17.732343633895994
27.272727272727273 19.648070571705567
28.282828282828284 21.689681706227706
29.292929292929294 23.860508947881094
30.303030303030305 26.16385083449095
31.313131313131315 28.60297400038633
32.323232323232325 31.181114534154062
33.333333333333336 33.90147923680048
34.343434343434346 36.7672467905031
35.35353535353536 39.78156884681762
36.36363636363637 42.94757104209141
37.37373737373738 46.26835394688939
38.38383838383839 49.74699395543052
39.3939393939394 53.38654412034086
40.40404040404041 57.19003493743263
41.41414141414142 61.16047508470345
42.42424242424243 65.30085211930124
43.43434343434344 69.61413313581087
44.44444444444445 74.1032653888767
45.45454545454546 78.77117688287636
46.46464646464647 83.62077693109674
47.47474747474748 88.65495668663105
48.484848484848484 93.87658964700955
49.494949494949495 99.28853213439368
50.505050505050505 104.89362375300018
51.515151515151516 110.69468782527693
52.525252525252526 116.69453180822194
53.535353535353536 122.89594769112023
54.54545454545455 129.30171237586865
55.55555555555556 135.91458804096501
56.56565656565657 142.73732249015157
57.57575757575758 149.77264948662662
58.58585858585859 157.02328907366842
59.5959595959596 164.4919478824524
60.60606060606061 172.18131942778402
61.61616161616162 180.09408439241886
62.62626262626263 188.23291090059217
63.63636363636364 196.6004547813386
64.64646464646465 205.19935982213974
65.65656565656566 214.0322580134037
66.66666666666667 223.1017697842452
67.67676767676768 232.41050423000544
68.68686868686869 241.96105933192047
69.6969696969697 251.75602216932307
70.70707070707071 261.79796912473705
71.71717171717172 272.08946608220225
72.72727272727273 282.6330686191463
73.73737373737374 293.43132219210065
74.74747474747475 304.4867623165431
75.75757575757576 315.80191474112627
76.76767676767678 327.37929561654585
77.77777777777779 339.2214116592782
78.7878787878788 351.3307603104113
79.7979797979798 363.7098298897754
80.80808080808082 376.3610997455758
81.81818181818183 389.2870403997054
82.82828282828284 402.4901136889255
83.83838383838385 415.97277290206995
84.84848484848486 429.7374629134424
85.85858585858587 443.78662031254913
86.86868686868688 458.1226735303142
87.87878787878789 472.74804296191087
88.8888888888889 487.6651410863418
89.89898989898991 502.8763725828825
90.90909090909092 518.3841344445157
91.91919191919193 534.1908160884578
92.92929292929294 550.298799463889
93.93939393939395 566.7104591569855
94.94949494949496 583.4281624933508
95.95959595959597 600.4542696379369
96.96969696969697 617.7911336925431
97.97979797979798 635.441100790979
98.98989898989899 653.4065101919639
100.0 671.6896943698482
